INDEX CARMINUM.

Ι
3
i

1
2
3
4.
5.- ... - .-
6
7
8

Pugna·

. 94, 196, 307

99, 153, 303
91, 110, 306
9, 67, 304
96, 141, 308
39, 169, 309

, 36, 130, 309

12, 81, 304

. 14, 90, 305

18, 99, 305

,m 39, 195, 310

49, 237, 312

.. 54, 957, 313

50, 241, 312
57, 272, 314

11

. 6
IV. 2

Pnglm

‚m „- ... 52, 250, 313

44, 220, 311

m. 45, 225, 311

46, 997, 311

. 47, 930, 311

47, 233, 312

,Μ 43, 917, 311

42, 213, 310
42, 214, 310
42, 215, 310

, 43, 916, 311

43, 917, -
69, 997, 314
63, 999, 314

